491 718 900 991 1036 1034 1032 1032 1034 1036 991 900 718 491
738 952 1122 1207 1250 1248 1246 1246 1248 1250 1207 1122 952 738
937 1140 1301 1381 1423 1420 1417 1417 1420 1423 1381 1301 1140 937
1039 1236 1393 1470 1511 1508 1505 1505 1508 1511 1470 1393 1236 1039
1090 1285 1439 1516 1557 1554 1550 1550 1554 1557 1516 1439 1285 1090
1090 1285 1439 1516 1557 1554 1550 1550 1554 1557 1516 1439 1285 1090
1039 1236 1393 1470 1511 1508 1505 1505 1508 1511 1470 1393 1236 1039
937 1140 1301 1381 1423 1420 1417 1417 1420 1423 1381 1301 1140 937
738 952 1122 1207 1250 1248 1246 1246 1248 1250 1207 1122 952 738
491 718 900 991 1036 1034 1032 1032 1034 1036 991 900 718 491

109 161 213 265 317 317 316 316 317 317 265 213 161 109
168 221 274 326 379 379 377 377 379 379 326 274 221 168
227 281 334 387 440 439 436 436 439 440 387 334 281 227
285 339 393 446 498 497 494 494 497 498 446 393 339 285
343 398 452 504 557 556 552 552 556 557 504 452 398 343
343 398 452 504 557 556 552 552 556 557 504 452 398 343
285 339 393 446 498 497 494 494 497 498 446 393 339 285
227 281 334 387 440 439 436 436 439 440 387 334 281 227
168 221 274 326 379 379 377 377 379 379 326 274 221 168
109 161 213 265 317 317 316 316 317 317 265 213 161 109

103 150 197 244 242 241 240 240 241 242 244 197 150 103
156 200 244 288 285 284 284 284 284 285 288 244 200 156
209 250 291 332 329 328 328 328 328 329 332 291 250 209
261 300 338 377 373 372 372 372 372 373 377 338 300 261
259 296 334 372 368 367 366 366 367 368 372 334 296 259
259 296 334 372 368 367 366 366 367 368 372 334 296 259
261 300 338 377 373 372 372 372 372 373 377 338 300 261
209 250 291 332 329 328 328 328 328 329 332 291 250 209
156 200 244 288 285 284 284 284 284 285 288 244 200 156
103 150 197 244 242 241 240 240 241 242 244 197 150 103

191 279 366 359 356 354 354 354 354 356 359 366 279 191
285 365 444 435 430 429 429 429 429 430 435 444 365 285
377 450 521 509 503 502 502 502 502 503 509 521 450 377
371 440 509 498 492 490 490 490 490 492 498 509 440 371
367 435 502 491 485 484 484 484 484 485 491 502 435 367
367 435 502 491 485 484 484 484 484 485 491 502 435 367
371 440 509 498 492 490 490 490 490 492 498 509 440 371
377 450 521 509 503 502 502 502 502 503 509 521 450 377
285 365 444 435 430 429 429 429 429 430 435 444 365 285
191 279 366 359 356 354 354 354 354 356 359 366 279 191

87 127 124 122 121 121 121 121 121 121 122 124 127 87
129 165 160 158 157 156 157 157 156 157 158 160 165 129
125 160 155 153 152 152 152 152 152 152 153 155 160 125
122 157 152 150 149 149 149 149 149 149 150 152 157 122
121 155 151 148 147 147 147 147 147 147 148 151 155 121
121 155 151 148 147 147 147 147 147 147 148 151 155 121
122 157 152 150 149 149 149 149 149 149 150 152 157 122
125 160 155 153 152 152 152 152 152 152 153 155 160 125
129 165 160 158 157 156 157 157 156 157 158 160 165 129
87 127 124 122 121 121 121 121 121 121 122 124 127 87